 ---------------------------------------------------------------
 Surface and Strip Forces by surface

  Forces referred to Sref, Cref, Bref about Xref, Yref, Zref
 Standard axis orientation,  X fwd, Z down         

  Surface # 1     Main Wing                               
     # Chordwise = 10   # Spanwise = 30     First strip =  1
     Surface area =    0.650237       Ave. chord =    0.487434
     CLsurf  =   0.71436     Clsurf  =  -0.15022
     CYsurf  =  -0.00394     Cmsurf  =  -0.04139
     CDsurf  =   0.05851     Cnsurf  =  -0.03633
     CDisurf =   0.05851     CDvsurf =   0.00000

  Forces referred to Ssurf, Cave about hinge axis thru LE
     CLsurf  =   1.42929     CDsurf  =   0.11706
     Deflect =

 Strip Forces referred to Strip Area, Chord
    j      Yle    Chord     Area     c cl      ai      cl_norm  cl       cd       cdv    cm_c/4    cm_LE  C.P.x/c
     1   0.0335   0.4900   0.0328   0.8402   0.2604   1.7759   1.7730   0.1170   0.0000  -0.0004  -0.4291    0.250
     2   0.1031   0.4898   0.0353   0.8355   0.2354   1.7744   1.7635   0.1168   0.0000  -0.0004  -0.4268    0.250
     3   0.1750   0.4895   0.0351   0.8291   0.2262   1.7701   1.7508   0.1165   0.0000  -0.0001  -0.4235    0.250
     4   0.2464   0.4892   0.0348   0.8213   0.2718   1.7626   1.7352   0.1164   0.0000   0.0004  -0.4193    0.250
     5   0.3172   0.4889   0.0344   0.8120   0.3746   1.7514   1.7162   0.1164   0.0000   0.0010  -0.4142    0.249
     6   0.3870   0.4886   0.0339   0.8012   0.3613   1.7367   1.6938   0.1171   0.0000   0.0018  -0.4082    0.249
     7   0.4558   0.4883   0.0333   0.7890   0.9865   1.7182   1.6682   0.1178   0.0000   0.0027  -0.4013    0.248
     8   0.5233   0.4880   0.0326   0.7753   0.0575   1.6960   1.6393   0.1187   0.0000   0.0038  -0.3934    0.248
     9   0.5894   0.4877   0.0318   0.7603   0.0908   1.6702   1.6072   0.1198   0.0000   0.0051  -0.3847    0.247
    10   0.6538   0.4874   0.0310   0.7436   0.1151   1.6402   1.5715   0.1211   0.0000   0.0065  -0.3749    0.246
    11   0.7164   0.4871   0.0300   0.7253   0.1326   1.6060   1.5323   0.1224   0.0000   0.0080  -0.3642    0.245
    12   0.7745   0.4869   0.0266   0.7059   0.1458   1.5683   1.4905   0.1236   0.0000   0.0097  -0.3528    0.244
    13   0.8281   0.4867   0.0256   0.6852   0.1568   1.5269   1.4459   0.1248   0.0000   0.0113  -0.3406    0.242
    14   0.8796   0.4865   0.0245   0.6632   0.1669   1.4818   1.3983   0.1258   0.0000   0.0133  -0.3275    0.240
    15   0.9288   0.4863   0.0234   0.6393   0.1765   1.4318   1.3467   0.1265   0.0000   0.0153  -0.3133    0.239
    16   0.9757   0.4861   0.0222   0.6134   0.1858   1.3767   1.2908   0.1266   0.0000   0.0175  -0.2980    0.236
    17   1.0200   0.4860   0.0209   0.5857   0.1949   1.3170   1.2310   0.1263   0.0000   0.0198  -0.2815    0.234
    18   1.0617   0.4858   0.0196   0.5560   0.2038   1.2520   1.1670   0.1254   0.0000   0.0221  -0.2640    0.231
    19   1.1006   0.4857   0.0182   0.5241   0.2124   1.1817   1.0985   0.1237   0.0000   0.0243  -0.2455    0.228
    20   1.1367   0.4855   0.0168   0.4901   0.2208   1.1061   1.0258   0.1211   0.0000   0.0263  -0.2261    0.224
    21   1.1698   0.4854   0.0153   0.4542   0.2287   1.0257   0.9490   0.1176   0.0000   0.0280  -0.2059    0.221
    22   1.1999   0.4853   0.0138   0.4165   0.2362   0.9407   0.8686   0.1131   0.0000   0.0293  -0.1853    0.216
    23   1.2268   0.4852   0.0123   0.3771   0.2431   0.8517   0.7850   0.1074   0.0000   0.0299  -0.1644    0.212
    24   1.2505   0.4851   0.0107   0.3352   0.2495   0.7566   0.6962   0.1002   0.0000   0.0294  -0.1433    0.208
    25   1.2710   0.4850   0.0091   0.2933   0.2552   0.6614   0.6078   0.0922   0.0000   0.0286  -0.1226    0.203
    26   1.2902   0.4850   0.0094   0.2469   0.2608   0.5559   0.5101   0.0822   0.0000   0.0266  -0.1007    0.198
    27   1.3075   0.4850   0.0073   0.1948   0.2661   0.4371   0.4007   0.0697   0.0000   0.0229  -0.0775    0.193
    28   1.3204   0.4850   0.0053   0.1404   0.2705   0.3137   0.2873   0.0547   0.0000   0.0177  -0.0546    0.188
    29   1.3291   0.4850   0.0032   0.0847   0.2737   0.1884   0.1724   0.0359   0.0000   0.0113  -0.0324    0.185
    30   1.3335   0.4850   0.0011   0.0283   0.2753   0.0628   0.0575   0.0126   0.0000   0.0039  -0.0107    0.183

  Surface # 2     Main Wing (YDUP)                        
     # Chordwise = 10   # Spanwise = 30     First strip = 31
     Surface area =    0.650237       Ave. chord =    0.487434
     CLsurf  =   0.76314     Clsurf  =   0.16593
     CYsurf  =  -0.00195     Cmsurf  =  -0.04354
     CDsurf  =   0.06416     Cnsurf  =   0.03981
     CDisurf =   0.06416     CDvsurf =   0.00000

  Forces referred to Ssurf, Cave about hinge axis thru LE
     CLsurf  =   1.52690     CDsurf  =   0.12838
     Deflect =

 Strip Forces referred to Strip Area, Chord
    j      Yle    Chord     Area     c cl      ai      cl_norm  cl       cd       cdv    cm_c/4    cm_LE  C.P.x/c
    31  -0.0335   0.4900   0.0328   0.8435   0.2100   1.7749   1.7798   0.1177   0.0000  -0.0004   0.4307    0.250
    32  -0.1031   0.4898   0.0353   0.8454   0.2334   1.7712   1.7842   0.1187   0.0000  -0.0002   0.4316    0.250
    33  -0.1750   0.4895   0.0351   0.8458   0.2315   1.7647   1.7860   0.1197   0.0000   0.0002   0.4318    0.250
    34  -0.2464   0.4892   0.0348   0.8448   0.2743   1.7550   1.7845   0.1209   0.0000   0.0008   0.4309    0.250
    35  -0.3172   0.4889   0.0344   0.8420   0.3784   1.7417   1.7792   0.1223   0.0000   0.0015   0.4291    0.249
    36  -0.3870   0.4886   0.0339   0.8375   0.3713   1.7249   1.7699   0.1243   0.0000   0.0024   0.4261    0.249
    37  -0.4558   0.4883   0.0333   0.8313   0.9949   1.7045   1.7568   0.1263   0.0000   0.0035   0.4221    0.248
    38  -0.5233   0.4880   0.0326   0.8232   0.0641   1.6805   1.7396   0.1285   0.0000   0.0048   0.4169    0.247
    39  -0.5894   0.4877   0.0318   0.8133   0.0998   1.6530   1.7185   0.1309   0.0000   0.0062   0.4107    0.246
    40  -0.6538   0.4874   0.0310   0.8013   0.1257   1.6213   1.6925   0.1334   0.0000   0.0079   0.4031    0.245
    41  -0.7164   0.4871   0.0300   0.7872   0.1444   1.5857   1.6620   0.1359   0.0000   0.0097   0.3942    0.244
    42  -0.7745   0.4869   0.0266   0.7710   0.1590   1.5465   1.6270   0.1383   0.0000   0.0117   0.3842    0.243
    43  -0.8281   0.4867   0.0256   0.7531   0.1712   1.5044   1.5881   0.1405   0.0000   0.0137   0.3732    0.241
    44  -0.8796   0.4865   0.0245   0.7332   0.1825   1.4585   1.5447   0.1424   0.0000   0.0159   0.3608    0.240
    45  -0.9288   0.4863   0.0234   0.7106   0.1933   1.4078   1.4957   0.1438   0.0000   0.0183   0.3470    0.238
    46  -0.9757   0.4861   0.0222   0.6855   0.2038   1.3525   1.4412   0.1447   0.0000   0.0209   0.3316    0.235
    47  -1.0200   0.4860   0.0209   0.6577   0.2140   1.2925   1.3812   0.1450   0.0000   0.0236   0.3147    0.233
    48  -1.0617   0.4858   0.0196   0.6271   0.2241   1.2277   1.3153   0.1445   0.0000   0.0264   0.2963    0.230
    49  -1.1006   0.4857   0.0182   0.5937   0.2338   1.1578   1.2436   0.1429   0.0000   0.0290   0.2766    0.227
    50  -1.1367   0.4855   0.0168   0.5574   0.2433   1.0828   1.1656   0.1403   0.0000   0.0314   0.2556    0.223
    51  -1.1698   0.4854   0.0153   0.5185   0.2522   1.0035   1.0825   0.1366   0.0000   0.0335   0.2335    0.219
    52  -1.1999   0.4853   0.0138   0.4770   0.2607   0.9198   0.9941   0.1316   0.0000   0.0350   0.2107    0.215
    53  -1.2268   0.4852   0.0123   0.4331   0.2685   0.8321   0.9009   0.1252   0.0000   0.0358   0.1873    0.210
    54  -1.2505   0.4851   0.0107   0.3859   0.2756   0.7387   0.8009   0.1169   0.0000   0.0353   0.1636    0.206
    55  -1.2710   0.4850   0.0091   0.3378   0.2820   0.6443   0.6995   0.1074   0.0000   0.0340   0.1401    0.201
    56  -1.2902   0.4850   0.0094   0.2855   0.2882   0.5423   0.5895   0.0961   0.0000   0.0318   0.1154    0.196
    57  -1.3075   0.4850   0.0073   0.2256   0.2942   0.4263   0.4638   0.0815   0.0000   0.0274   0.0888    0.191
    58  -1.3204   0.4850   0.0053   0.1628   0.2990   0.3058   0.3330   0.0639   0.0000   0.0212   0.0627    0.186
    59  -1.3291   0.4850   0.0032   0.0984   0.3025   0.1836   0.2001   0.0419   0.0000   0.0135   0.0372    0.183
    60  -1.3335   0.4850   0.0011   0.0329   0.3043   0.0612   0.0667   0.0147   0.0000   0.0046   0.0123    0.181

  Surface # 3     Horizontal Tail                         
     # Chordwise = 10   # Spanwise = 20     First strip = 61
     Surface area =    0.106027       Ave. chord =    0.229000
     CLsurf  =   0.06045     Clsurf  =  -0.00508
     CYsurf  =  -0.00012     Cmsurf  =  -0.11036
     CDsurf  =   0.01276     Cnsurf  =  -0.00055
     CDisurf =   0.01276     CDvsurf =   0.00000

  Forces referred to Ssurf, Cave about hinge axis thru LE
     CLsurf  =   0.74176     CDsurf  =   0.15652
     Deflect =

 Strip Forces referred to Strip Area, Chord
    j      Yle    Chord     Area     c cl      ai      cl_norm  cl       cd       cdv    cm_c/4    cm_LE  C.P.x/c
    61   0.0004   0.2290   0.0003   0.1859  -0.1136   0.7820   0.7949   0.1851   0.0000   0.0188  -0.1841    0.226
    62   0.0032   0.2290   0.0010   0.1867   0.1874   0.7928   0.8057   0.1645   0.0000   0.0193  -0.1846    0.226
    63   0.0089   0.2290   0.0016   0.1866   0.2120   0.7933   0.8059   0.1623   0.0000   0.0193  -0.1844    0.226
    64   0.0174   0.2290   0.0023   0.1859   0.2197   0.7914   0.8035   0.1604   0.0000   0.0190  -0.1839    0.226
    65   0.0286   0.2290   0.0029   0.1850   0.2245   0.7882   0.7997   0.1587   0.0000   0.0188  -0.1832    0.227
    66   0.0425   0.2290   0.0035   0.1839   0.2304   0.7846   0.7952   0.1572   0.0000   0.0185  -0.1823    0.227
    67   0.0590   0.2290   0.0041   0.1828   0.2529   0.7806   0.7903   0.1561   0.0000   0.0183  -0.1812    0.227
    68   0.0780   0.2290   0.0046   0.1815   0.2050   0.7762   0.7850   0.1550   0.0000   0.0182  -0.1800    0.227
    69   0.0994   0.2290   0.0052   0.1802   0.2249   0.7715   0.7791   0.1541   0.0000   0.0181  -0.1787    0.227
    70   0.1230   0.2290   0.0057   0.1787   0.2451   0.7661   0.7725   0.1532   0.0000   0.0180  -0.1771    0.227
    71   0.1487   0.2290   0.0061   0.1770   0.1905   0.7598   0.7648   0.1522   0.0000   0.0180  -0.1752    0.226
    72   0.1764   0.2290   0.0065   0.1750   0.2305   0.7524   0.7560   0.1512   0.0000   0.0180  -0.1730    0.226
    73   0.2058   0.2290   0.0069   0.1727   0.3260   0.7436   0.7458   0.1501   0.0000   0.0180  -0.1705    0.226
    74   0.2368   0.2290   0.0073   0.1700   0.2221   0.7334   0.7340   0.1490   0.0000   0.0180  -0.1676    0.225
    75   0.2692   0.2290   0.0076   0.1671   0.2771   0.7217   0.7208   0.1479   0.0000   0.0181  -0.1643    0.225
    76   0.3027   0.2290   0.0078   0.1640   0.2167   0.7091   0.7066   0.1472   0.0000   0.0182  -0.1608    0.224
    77   0.3373   0.2290   0.0080   0.1610   0.2832   0.6969   0.6929   0.1474   0.0000   0.0184  -0.1574    0.224
    78   0.3727   0.2290   0.0082   0.1592   0.2203   0.6892   0.6836   0.1502   0.0000   0.0189  -0.1550    0.222
    79   0.4086   0.2290   0.0083   0.1613   0.3108   0.6970   0.6897   0.1608   0.0000   0.0206  -0.1555    0.220
    80   0.4448   0.2290   0.0083   0.1779   0.2376   0.7617   0.7520   0.2026   0.0000   0.0291  -0.1652    0.211

  Surface # 4     Horizontal Tail (YDUP)                  
     # Chordwise = 10   # Spanwise = 20     First strip = 81
     Surface area =    0.106027       Ave. chord =    0.229000
     CLsurf  =   0.06076     Clsurf  =   0.00544
     CYsurf  =  -0.00012     Cmsurf  =  -0.11094
     CDsurf  =   0.01288     Cnsurf  =   0.00064
     CDisurf =   0.01288     CDvsurf =   0.00000

  Forces referred to Ssurf, Cave about hinge axis thru LE
     CLsurf  =   0.74555     CDsurf  =   0.15809
     Deflect =

 Strip Forces referred to Strip Area, Chord
    j      Yle    Chord     Area     c cl      ai      cl_norm  cl       cd       cdv    cm_c/4    cm_LE  C.P.x/c
    81  -0.0004   0.2290   0.0003   0.1749   0.5647   0.7529   0.7653   0.1237   0.0000   0.0175   0.1735    0.227
    82  -0.0032   0.2290   0.0010   0.1742   0.2637   0.7429   0.7553   0.1431   0.0000   0.0171   0.1731    0.227
    83  -0.0089   0.2290   0.0016   0.1743   0.2392   0.7423   0.7549   0.1453   0.0000   0.0171   0.1732    0.227
    84  -0.0174   0.2290   0.0023   0.1749   0.2322   0.7439   0.7569   0.1471   0.0000   0.0173   0.1736    0.227
    85  -0.0286   0.2290   0.0029   0.1756   0.2291   0.7462   0.7599   0.1487   0.0000   0.0176   0.1741    0.227
    86  -0.0425   0.2290   0.0035   0.1764   0.2275   0.7484   0.7628   0.1500   0.0000   0.0178   0.1747    0.227
    87  -0.0590   0.2290   0.0041   0.1769   0.2265   0.7499   0.7651   0.1509   0.0000   0.0181   0.1751    0.226
    88  -0.0780   0.2290   0.0046   0.1773   0.2284   0.7504   0.7666   0.1517   0.0000   0.0182   0.1753    0.226
    89  -0.0994   0.2290   0.0052   0.1774   0.2298   0.7495   0.7668   0.1521   0.0000   0.0183   0.1753    0.226
    90  -0.1230   0.2290   0.0057   0.1771   0.2359   0.7472   0.7656   0.1524   0.0000   0.0184   0.1750    0.226
    91  -0.1487   0.2290   0.0061   0.1765   0.2188   0.7432   0.7627   0.1526   0.0000   0.0185   0.1743    0.226
    92  -0.1764   0.2290   0.0065   0.1755   0.2344   0.7374   0.7582   0.1525   0.0000   0.0185   0.1731    0.226
    93  -0.2058   0.2290   0.0069   0.1741   0.2832   0.7298   0.7517   0.1523   0.0000   0.0186   0.1715    0.225
    94  -0.2368   0.2290   0.0073   0.1723   0.2325   0.7203   0.7434   0.1520   0.0000   0.0187   0.1694    0.225
    95  -0.2692   0.2290   0.0076   0.1701   0.2667   0.7091   0.7334   0.1518   0.0000   0.0188   0.1669    0.224
    96  -0.3027   0.2290   0.0078   0.1677   0.2314   0.6967   0.7221   0.1518   0.0000   0.0190   0.1640    0.224
    97  -0.3373   0.2290   0.0080   0.1654   0.2778   0.6848   0.7114   0.1529   0.0000   0.0193   0.1613    0.223
    98  -0.3727   0.2290   0.0082   0.1644   0.2363   0.6774   0.7053   0.1567   0.0000   0.0201   0.1594    0.222
    99  -0.4086   0.2290   0.0083   0.1677   0.3051   0.6862   0.7162   0.1689   0.0000   0.0222   0.1608    0.219
   100  -0.4448   0.2290   0.0083   0.1864   0.2527   0.7527   0.7874   0.2137   0.0000   0.0318   0.1718    0.210

  Surface # 5     Vertical Tail                           
     # Chordwise = 10   # Spanwise = 10     First strip =101
     Surface area =    0.045342       Ave. chord =    0.229000
     CLsurf  =   0.00051     Clsurf  =   0.00028
     CYsurf  =  -0.01684     Cmsurf  =   0.00001
     CDsurf  =  -0.00159     Cnsurf  =   0.00534
     CDisurf =  -0.00159     CDvsurf =   0.00000

  Forces referred to Ssurf, Cave about hinge axis thru LE
     CLsurf  =   0.48311     CDsurf  =  -0.04569
     Deflect =

 Strip Forces referred to Strip Area, Chord
    j      Yle    Chord     Area     c cl      ai      cl_norm  cl       cd       cdv    cm_c/4    cm_LE  C.P.x/c
   101   0.4630   0.2290   0.0071   0.0075  -0.0201   0.0375   0.0327  -0.0000   0.0000  -0.0063  -0.0145
   102   0.4630   0.2290   0.0069   0.0275  -0.0205   0.1379   0.1201   0.0004   0.0000  -0.0064  -0.0365
   103   0.4630   0.2290   0.0066   0.0709  -0.0279   0.3561   0.3096  -0.0022   0.0000  -0.0013  -0.0787
   104   0.4630   0.2290   0.0061   0.3311  -0.0760   1.6659   1.4458  -0.2461   0.0000   0.0927  -0.2688   -0.884
   105   0.4630   0.2290   0.0054   0.1961  -0.1016   0.9880   0.8563  -0.0615   0.0000   0.0335  -0.1805
   106   0.4630   0.2290   0.0046   0.1363  -0.0986   0.6877   0.5952  -0.0299   0.0000   0.0164  -0.1324
   107   0.4630   0.2290   0.0037   0.0967  -0.0926   0.4884   0.4223  -0.0168   0.0000   0.0093  -0.0963
   108   0.4630   0.2290   0.0027   0.0654  -0.0873   0.3304   0.2854  -0.0094   0.0000   0.0056  -0.0658
   109   0.4630   0.2290   0.0017   0.0380  -0.0834   0.1922   0.1659  -0.0045   0.0000   0.0031  -0.0384
   110   0.4630   0.2290   0.0006   0.0125  -0.0812   0.0632   0.0545  -0.0012   0.0000   0.0010  -0.0126

  Surface # 6     Vertical Tail (YDUP)                    
     # Chordwise = 10   # Spanwise = 10     First strip =111
     Surface area =    0.045342       Ave. chord =    0.229000
     CLsurf  =   0.00077     Clsurf  =  -0.00036
     CYsurf  =   0.02030     Cmsurf  =  -0.00015
     CDsurf  =  -0.00213     Cnsurf  =  -0.00639
     CDisurf =  -0.00213     CDvsurf =   0.00000

  Forces referred to Ssurf, Cave about hinge axis thru LE
     CLsurf  =   0.58250     CDsurf  =  -0.06107
     Deflect =

 Strip Forces referred to Strip Area, Chord
    j      Yle    Chord     Area     c cl      ai      cl_norm  cl       cd       cdv    cm_c/4    cm_LE  C.P.x/c
   111  -0.4630   0.2290   0.0071   0.0227   0.0364   0.1071   0.0993  -0.0005   0.0000  -0.0021   0.0269
   112  -0.4630   0.2290   0.0069   0.0483   0.0343   0.2280   0.2110  -0.0027   0.0000  -0.0014   0.0542    1.298
   113  -0.4630   0.2290   0.0066   0.0946   0.0268   0.4470   0.4129  -0.0110   0.0000   0.0035   0.0997   -0.490
   114  -0.4630   0.2290   0.0061   0.3662  -0.0130   1.7341   1.5992  -0.2995   0.0000   0.1031   0.2967   -0.722
   115  -0.4630   0.2290   0.0054   0.2260  -0.0333   1.0716   0.9869  -0.0876   0.0000   0.0416   0.2051
   116  -0.4630   0.2290   0.0046   0.1615  -0.0301   0.7669   0.7054  -0.0471   0.0000   0.0231   0.1533
   117  -0.4630   0.2290   0.0037   0.1170  -0.0241   0.5560   0.5109  -0.0284   0.0000   0.0149   0.1129
   118  -0.4630   0.2290   0.0027   0.0803  -0.0187   0.3818   0.3505  -0.0167   0.0000   0.0099   0.0778
   119  -0.4630   0.2290   0.0017   0.0471  -0.0144   0.2243   0.2058  -0.0083   0.0000   0.0059   0.0456
   120  -0.4630   0.2290   0.0006   0.0156  -0.0120   0.0741   0.0679  -0.0023   0.0000   0.0020   0.0150

  Surface # 7     Vertical Tail                           
     # Chordwise = 10   # Spanwise = 10     First strip =121
     Surface area =    0.022671       Ave. chord =    0.229000
     CLsurf  =   0.00000     Clsurf  =  -0.00000
     CYsurf  =   0.00077     Cmsurf  =  -0.00000
     CDsurf  =  -0.00001     Cnsurf  =  -0.00025
     CDisurf =  -0.00001     CDvsurf =   0.00000

  Forces referred to Ssurf, Cave about hinge axis thru LE
     CLsurf  =  -0.04410     CDsurf  =  -0.00038
     Deflect =

 Strip Forces referred to Strip Area, Chord
    j      Yle    Chord     Area     c cl      ai      cl_norm  cl       cd       cdv    cm_c/4    cm_LE  C.P.x/c
   121   0.0000   0.2290   0.0035  -0.0136  -0.0479  -0.0664  -0.0594  -0.0005   0.0000  -0.0059   0.0089
   122   0.0000   0.2290   0.0035  -0.0130  -0.0382  -0.0633  -0.0566  -0.0005   0.0000  -0.0050   0.0092
   123   0.0000   0.2290   0.0033  -0.0119  -0.0365  -0.0581  -0.0519  -0.0005   0.0000  -0.0043   0.0087
   124   0.0000   0.2290   0.0030  -0.0107  -0.0359  -0.0524  -0.0467  -0.0004   0.0000  -0.0037   0.0080
   125   0.0000   0.2290   0.0027  -0.0094  -0.0356  -0.0459  -0.0410  -0.0004   0.0000  -0.0032   0.0070
   126   0.0000   0.2290   0.0023  -0.0079  -0.0354  -0.0388  -0.0346  -0.0003   0.0000  -0.0027   0.0059
   127   0.0000   0.2290   0.0019  -0.0063  -0.0354  -0.0310  -0.0276  -0.0002   0.0000  -0.0022   0.0047
   128   0.0000   0.2290   0.0014  -0.0046  -0.0354  -0.0226  -0.0201  -0.0002   0.0000  -0.0017   0.0034
   129   0.0000   0.2290   0.0008  -0.0028  -0.0355  -0.0137  -0.0122  -0.0001   0.0000  -0.0010   0.0020
   130   0.0000   0.2290   0.0003  -0.0009  -0.0355  -0.0046  -0.0041  -0.0000   0.0000  -0.0003   0.0007
 ---------------------------------------------------------------
